          -2,            0
       -1.99, 5.81314017541e-006
       -1.98, 1.19558119591e-005
       -1.97, 1.84448928575e-005
       -1.96, 2.52980143162e-005
       -1.95, 3.25335890249e-005
       -1.94, 4.01708388606e-005
       -1.93, 4.82298234669e-005
       -1.92, 5.67314694638e-005
       -1.91, 6.56976002801e-005
        -1.9, 7.51509666014e-005
       -1.89, 8.51152774237e-005
       -1.88, 9.56152317004e-005
       -1.87, 0.000106676550571
       -1.86, 0.000118326010157
       -1.85, 0.000130591474905
       -1.84, 0.000143501931467
       -1.83, 0.000157087523087
       -1.82, 0.000171379584482
       -1.81, 0.000186410677184
        -1.8, 0.00020221462533
       -1.79, 0.000218826551851
       -1.78, 0.000236282915059
       -1.77, 0.000254621545563
       -1.76, 0.00027388168352
       -1.75, 0.000294104016145
       -1.74, 0.000315330715471
       -1.73, 0.000337605476295
       -1.72, 0.000360973554285
       -1.71, 0.000385481804184
        -1.7, 0.000411178718073
       -1.69, 0.000438114463638
       -1.68, 0.000466340922383
       -1.67, 0.000495911727744
       -1.66, 0.000526882303024
       -1.65, 0.000559309899114
       -1.64, 0.000593253631907
       -1.63, 0.000628774519365
       -1.62, 0.000665935518146
       -1.61, 0.000704801559737
        -1.6, 0.000745439586007
       -1.59, 0.000787918584107
       -1.58, 0.000832309620642
       -1.57, 0.000878685875023
       -1.56, 0.000927122671926
       -1.55, 0.000977697512758
       -1.54, 0.00103049010606
       -1.53, 0.00108558239675
       -1.52, 0.00114305859408
       -1.51, 0.00120300519827
        -1.5, 0.00126551102571
       -1.49, 0.00133066723256
       -1.48, 0.00139856733677
       -1.47, 0.00146930723827
       -1.46, 0.00154298523744
       -1.45, 0.00161970205148
       -1.44, 0.00169956082881
       -1.43, 0.00178266716133
       -1.42, 0.00186912909431
       -1.41, 0.00195905713399
        -1.4, 0.00205256425269
       -1.39, 0.00214976589128
       -1.38, 0.002250779959
       -1.37, 0.00235572683044
       -1.36, 0.00246472933969
       -1.35, 0.00257791277133
       -1.34, 0.00269540484845
       -1.33, 0.00281733571736
       -1.32, 0.00294383792901
       -1.31, 0.00307504641697
        -1.3, 0.00321109847189
       -1.29, 0.00335213371234
       -1.28, 0.00349829405199
       -1.27, 0.0036497236629
       -1.26, 0.00380656893501
       -1.25, 0.0039689784316
       -1.24, 0.00413710284073
       -1.23, 0.00431109492256
       -1.22, 0.00449110945245
       -1.21, 0.00467730315981
        -1.2, 0.00486983466265
       -1.19, 0.00506886439769
       -1.18, 0.00527455454611
       -1.17, 0.00548706895475
       -1.16, 0.00570657305286
       -1.15, 0.00593323376425
       -1.14, 0.0061672194149
       -1.13, 0.00640869963592
       -1.12, 0.00665784526201
       -1.11, 0.00691482822515
        -1.1, 0.00717982144386
       -1.09, 0.0074529987077
       -1.08, 0.00773453455728
       -1.07, 0.00802460415971
       -1.06, 0.00832338317949
       -1.05, 0.008631047645
       -1.04, 0.00894777381047
       -1.03, 0.00927373801367
       -1.02, 0.00960911652932
       -1.01, 0.00995408541823
          -1, 0.0103088203724
       -0.99, 0.0106734965559
       -0.98, 0.0110482884424
       -0.97, 0.0114333696481
       -0.96, 0.0118289127616
       -0.95, 0.0122350891702
       -0.94, 0.0126520688826
       -0.93, 0.0130800203484
       -0.92, 0.0135191102748
       -0.91, 0.0139695034404
        -0.9, 0.0144313625058
       -0.89, 0.0149048478228
       -0.88, 0.0153901172399
       -0.87, 0.015887325907
       -0.86, 0.0163966260778
       -0.85, 0.0169181669102
       -0.84, 0.0174520942657
       -0.83, 0.0179985505083
       -0.82, 0.018557674301
       -0.81, 0.0191296004034
        -0.8, 0.0197144594678
       -0.79, 0.0203123778355
       -0.78, 0.0209234773342
       -0.77, 0.0215478750742
       -0.76, 0.0221856832474
       -0.75, 0.022837008926
       -0.74, 0.0235019538631
       -0.73, 0.0241806142953
       -0.72, 0.0248730807468
       -0.71, 0.0255794378366
        -0.7, 0.0262997640877
       -0.69, 0.0270341317397
       -0.68, 0.0277826065646
       -0.67, 0.0285452476864
       -0.66, 0.0293221074048
       -0.65, 0.0301132310226
       -0.64, 0.0309186566783
       -0.63, 0.0317384151838
       -0.62, 0.0325725298669
       -0.61, 0.0334210164193
        -0.6, 0.0342838827512
       -0.59, 0.0351611288517
       -0.58, 0.036052746655
       -0.57, 0.0369587199152
       -0.56, 0.0378790240861
       -0.55, 0.0388136262097
       -0.54, 0.0397624848125
       -0.53, 0.0407255498083
       -0.52, 0.0417027624108
       -0.51, 0.0426940550538
        -0.5, 0.0436993513199
       -0.49, 0.0447185658787
       -0.48, 0.0457516044334
       -0.47, 0.0467983636773
       -0.46, 0.0478587312593
       -0.45, 0.0489325857598
       -0.44, 0.050019796675
       -0.43, 0.051120224413
       -0.42, 0.0522337202983
       -0.41, 0.0533601265879
        -0.4, 0.0544992764968
       -0.39, 0.055650994234
       -0.38, 0.0568150950496
       -0.37, 0.0579913852917
       -0.36, 0.0591796624744
       -0.35, 0.0603797153557
       -0.34, 0.0615913240268
       -0.33, 0.0628142600115
       -0.32, 0.0640482863759
       -0.31, 0.0652931578491
        -0.3, 0.0665486209541
       -0.29, 0.0678144141486
       -0.28, 0.0690902679767
       -0.27, 0.0703759052301
       -0.26, 0.0716710411195
       -0.25, 0.0729753834558
       -0.24, 0.0742886328407
       -0.23, 0.0756104828667
       -0.22, 0.0769406203267
       -0.21, 0.0782787254317
        -0.2, 0.0796244720383
       -0.19, 0.0809775278837
       -0.18, 0.0823375548293
       -0.17, 0.083704209112
       -0.16, 0.0850771416034
       -0.15, 0.0864559980758
       -0.14, 0.0878404194753
       -0.13, 0.0892300422014
       -0.12, 0.090624498393
       -0.11, 0.0920234162198
        -0.1, 0.0934264201798
       -0.09, 0.0948331314006
       -0.08, 0.0962431679471
       -0.07, 0.0976561451319
       -0.06, 0.09907167583
       -0.05, 0.100489370797
       -0.04, 0.101908838991
       -0.03, 0.103329687895
       -0.02, 0.104751523842
       -0.01, 0.106173952345
           0, 0.107596578421
        0.01, 0.109019006924
        0.02, 0.110440842874
        0.03, 0.111861691783
        0.04, 0.113281159988
        0.05, 0.114698854976
        0.06, 0.116114385715
        0.07, 0.117527362975
        0.08, 0.118937399662
        0.09, 0.120344111144
         0.1, 0.121747115582
        0.11, 0.123146034274
        0.12, 0.124540492021
        0.13, 0.125930117509
        0.14, 0.127314543769
        0.15, 0.128693408708
        0.16, 0.130066355801
        0.17, 0.131433035015
        0.18, 0.132793104105
        0.19, 0.134146230486
         0.2, 0.13549209397
        0.21, 0.136830390811
        0.22, 0.138160839683
        0.23, 0.139483190466
        0.24, 0.140797237062
        0.25, 0.142102835941
        0.26, 0.143399932653
        0.27, 0.144688599305
        0.28, 0.145969086872
        0.29, 0.147241897265
         0.3, 0.148507881274
        0.31, 0.14976836981
        0.32, 0.151025347234
        0.33, 0.152281676813
        0.34, 0.153541389425
        0.35, 0.154810047216
        0.36, 0.15609519384
        0.37, 0.157406901786
        0.38, 0.158758424854
        0.39, 0.160166959677
         0.4, 0.161654514065
        0.41, 0.163248871595
        0.42, 0.164984631271
        0.43, 0.166904288377
        0.44, 0.169059308227
        0.45, 0.171511129176
        0.46, 0.174332016062
        0.47, 0.177605671611
        0.48, 0.181427502994
        0.49, 0.18590443552
         0.5, 0.191154167259
        0.51, 0.197303768962
        0.52, 0.204487554147
        0.53, 0.212844175249
        0.54, 0.222512943046
        0.55, 0.233629416561
        0.56, 0.24632036696
        0.57, 0.260698277803
        0.58, 0.276855600839
        0.59, 0.294859036145
         0.6, 0.314744142543
        0.61, 0.336510603828
        0.62, 0.360118474603
        0.63, 0.385485703857
        0.64, 0.412487184447
        0.65, 0.440955504047
        0.66, 0.470683481848
        0.67, 0.501428471447
        0.68, 0.532918301514
        0.69, 0.564858620497
         0.7, 0.596941318561
        0.71, 0.628853626982
        0.72, 0.660287448676
        0.73, 0.690948457586
        0.74, 0.720564520605
        0.75, 0.748893042266
        0.76, 0.775726905374
        0.77, 0.800898773862
        0.78, 0.824283629453
        0.79, 0.845799522553
         0.8, 0.865406621683
        0.81, 0.883104736991
        0.82, 0.898929566016
        0.83, 0.912947959842
        0.84, 0.925252533425
        0.85, 0.935955945649
        0.86, 0.945185155014
        0.87, 0.953075919788
        0.88, 0.959767761787
        0.89, 0.965399556165
         0.9, 0.970105850702
        0.91, 0.974013961835
        0.92, 0.977241844591
        0.93, 0.979896692361
        0.94, 0.982074191377
        0.95, 0.983858334234
        0.96, 0.985321686282
        0.97, 0.986525996856
        0.98, 0.987523052533
        0.99, 0.988355679957
           1, 0.989058819391
        1.01, 0.989660605366
        1.02, 0.990183406134
        1.03, 0.990644788041
        1.04, 0.991058383647
        1.05, 0.991434653023
        1.06, 0.991781535983
        1.07, 0.99210499918
        1.08, 0.992409486089
        1.09, 0.992698280416
         1.1, 0.992973794539
        1.11, 0.993237794701
        1.12, 0.993491574066
        1.13, 0.993736083685
        1.14, 0.993972030158
        1.15, 0.994199947413
        1.16, 0.994420248722
        1.17, 0.994633263887
        1.18, 0.994839265448
        1.19, 0.995038486919
         1.2, 0.995231135298
        1.21, 0.995417399541
        1.22, 0.995597456216
        1.23, 0.99577147323
        1.24, 0.99593961224
        1.25, 0.996102030203
        1.26, 0.996258880336
        1.27, 0.996410312709
        1.28, 0.996556474603
        1.29, 0.99669751071
         1.3, 0.996833563242
        1.31, 0.996964771991
        1.32, 0.997091274344
        1.33, 0.997213205288
        1.34, 0.997330697405
        1.35, 0.997443880858
        1.36, 0.997552883378
        1.37, 0.997657830255
        1.38, 0.997758844326
        1.39, 0.997856045966
         1.4, 0.997949553085
        1.41, 0.998039481125
        1.42, 0.998125943058
        1.43, 0.998209049391
        1.44, 0.998288908168
        1.45, 0.998365624982
        1.46, 0.998439302981
        1.47, 0.998510042883
        1.48, 0.998577942987
        1.49, 0.998643099194
         1.5, 0.998705605021
        1.51, 0.998765551626
        1.52, 0.998823027823
        1.53, 0.998878120114
        1.54, 0.998930912707
        1.55, 0.998981487548
        1.56, 0.999029924345
        1.57, 0.999076300599
        1.58, 0.999120691636
        1.59, 0.999163170634
         1.6, 0.99920380866
        1.61, 0.999242674701
        1.62, 0.9992798357
        1.63, 0.999315356588
        1.64, 0.999349300321
        1.65, 0.999381727917
        1.66, 0.999412698492
        1.67, 0.999442269297
        1.68, 0.999470495756
        1.69, 0.999497431502
         1.7, 0.999523128415
        1.71, 0.999547636665
        1.72, 0.999571004743
        1.73, 0.999593279504
        1.74, 0.999614506203
        1.75, 0.999634728536
        1.76, 0.999653988674
        1.77, 0.999672327305
        1.78, 0.999689783668
        1.79, 0.999706395594
         1.8, 0.999722199542
        1.81, 0.999737230635
        1.82, 0.999751522697
        1.83, 0.999765108288
        1.84, 0.999778018745
        1.85, 0.999790284209
        1.86, 0.999801933669
        1.87, 0.999812994988
        1.88, 0.999823494942
        1.89, 0.999833459253
         1.9, 0.999842912619
        1.91, 0.99985187875
        1.92, 0.999860380396
        1.93, 0.999868439381
        1.94, 0.999876076631
        1.95, 0.999883312205
        1.96, 0.999890165327
        1.97, 0.999896654408
        1.98, 0.999902797079
        1.99, 0.99990861022
           2, 0.999914109978
        2.01, 0.999919311805
        2.02, 0.999924230472
        2.03, 0.999928880102
        2.04, 0.999933274189
        2.05, 0.999937425624
        2.06, 0.999941346719
        2.07, 0.999945049225
        2.08, 0.999948544356
        2.09, 0.999951842811
         2.1, 0.999954954793
        2.11, 0.999957890028
        2.12, 0.999960657786
        2.13, 0.999963266898
        2.14, 0.999965725773
        2.15, 0.999968042421
        2.16, 0.99997022446
        2.17, 0.999972279141
        2.18, 0.999974213361
        2.19, 0.999976033677
         2.2, 0.999977746319
        2.21, 0.999979357211
        2.22, 0.999980871975
        2.23, 0.999982295953
        2.24, 0.999983634213
        2.25, 0.999984891568
        2.26, 0.999986072579
        2.27, 0.999987181574
        2.28, 0.999988222655
        2.29, 0.99998919971
         2.3, 0.999990116422
        2.31, 0.999990976278
        2.32, 0.999991782581
        2.33, 0.999992538456
        2.34, 0.99999324686
        2.35, 0.999993910591
        2.36, 0.999994532292
        2.37, 0.999995114463
        2.38, 0.999995659467
        2.39, 0.999996169535
         2.4, 0.999996646772
        2.41, 0.99999709317
        2.42, 0.999997510604
        2.43, 0.999997900845
        2.44, 0.999998265563
        2.45, 0.999998606334
        2.46, 0.999998924641
        2.47, 0.999999221882
        2.48, 0.999999499374
        2.49, 0.999999758357
         2.5,            1
